 1334647786
 1335053683
 1334918384
 1334783085
 1109250837
 1334647785
 1335053682
 1334918383
 1334783084
 1109250838
 1334647784
 1335053681
 1334918382
 1334783083
 1109250839
 1334647783
 1334783082
 1334918381
 1109250840
 1335053680
 1334580142
 1334647782
 1334783081
 1109250841
 1335053679
 1334918380
 1334580141
 1334715440
 1334783080
 1109250842
 1335053678
 1334918379
 1334715439
 1109250843
 1334850738
 1334918378
 1334715438
 1109250844
 1334986036
 1335053676
 1334850737
 1334715437
 1335121334
 1334986035
 1335053675
 1334850736
 1334715436
 1335121333
 1334986034
 1334850735
 1334715435
 1335121332
 1334986033
 1334850734
 1334715434
 1335121331
 1334986032
 1334850733
 1334715433
 1334986031
 1334850732
 1335121330
 1334715432
 1334850731
 1335121329
 1334986030
 1334647791
 1334715431
 1335121328
 1334986029
 1334850730
 1334647790
 1334986028
 1334783089
 1334850729
 1334647789
 1335121326
 1334918387
 1334783088
 1334647788
 1335053685
 1335121325
 1334918386
 1334986026
 1334783087
 1334647787
 1335053684
 1335121324
 1334918385
 1334783086
 1109250836
