 1200055130
 1200122789
 1200190429
 1200461027
 1200325728
 1200122788
 1200190428
 1200461026
 1200258087
 1200325727
 1200122787
 1200461025
 1200258086
 1200325726
 1200393385
 1200122786
 1200528683
 1200393384
 1200461024
 1200258085
 1200122785
 1200393383
 1200258084
 1200122784
  996059972
 1200528681
 1200258083
 1200122783
  996059971
 1200528680
 1200393381
 1200528679
 1200393380
 1200258081
  996059970
 1200122781
 1200528678
 1200393379
 1200258080
  996059969
 1200055140
 1200122780
 1200528677
 1200393378
 1200258079
  996059968
 1200055139
 1200122779
 1200528676
 1200393377
 1200190438
 1200258078
  996059967
 1200055138
 1200528675
 1200325736
 1200393376
 1200190437
 1200258077
  996059966
 1200055137
 1200393375
 1200190436
  996059965
 1200461034
 1200528674
 1200325735
 1200055136
  996059964
 1200461033
 1200528673
 1200325734
 1200190435
 1200055135
  996059963
 1200325733
 1200190434
 1200055134
 1200461031
 1200190433
 1200055133
 1200461030
 1200325731
 1200190431
 1200461029
 1200325730
 1199987491
 1200055131
 1200190430
 1200461028
 1200325729
